_viz_0 = nengo_gui.components.Slider(ctrl_base)
_viz_config[_viz_0].label_visible = True
_viz_config[_viz_0].width = 2.6868949684916315
_viz_config[_viz_0].x = -4.433020424671786
_viz_config[_viz_0].y = -11.685486343955848
_viz_config[_viz_0].max_value = 1
_viz_config[_viz_0].min_value = -1
_viz_config[_viz_0].height = 2.4940506525968336
_viz_1 = nengo_gui.components.Slider(ctrl_arm)
_viz_config[_viz_1].label_visible = True
_viz_config[_viz_1].width = 3.3338162099569915
_viz_config[_viz_1].x = -10.963666571390622
_viz_config[_viz_1].y = -11.97645998384174
_viz_config[_viz_1].max_value = 5
_viz_config[_viz_1].min_value = 0
_viz_config[_viz_1].height = 3.8733133163357762
_viz_ace_editor = nengo_gui.components.AceEditor()
_viz_net_graph = nengo_gui.components.NetGraph()
_viz_sim_control = nengo_gui.components.SimControl()
_viz_config[_viz_sim_control].kept_time = 4.0
_viz_config[_viz_sim_control].shown_time = 0.5
_viz_config[bot].pos=(3.5348959606346018, -3.431692853348899)
_viz_config[bot].size=(4.864160908886789, 8.366356763285276)
_viz_config[bot].expanded=True
_viz_config[bot].has_layout=True
_viz_config[bot.accel].pos=(0.19696969696969696, 0.5483870967741935)
_viz_config[bot.accel].size=(0.1212121212121212, 0.0258064516129032)
_viz_config[bot.arm].pos=(0.803030303030303, 0.06451612903225806)
_viz_config[bot.arm].size=(0.1212121212121212, 0.025806451612903226)
_viz_config[bot.base].pos=(0.803030303030303, 0.16129032258064516)
_viz_config[bot.base].size=(0.1212121212121212, 0.025806451612903226)
_viz_config[bot.bump].pos=(0.19696969696969696, 0.9354838709677415)
_viz_config[bot.bump].size=(0.1212121212121212, 0.0258064516129032)
_viz_config[bot.compass].pos=(0.19696969696969696, 0.6451612903225805)
_viz_config[bot.compass].size=(0.1212121212121212, 0.0258064516129032)
_viz_config[bot.euler].pos=(0.19696969696969696, 0.8387096774193545)
_viz_config[bot.euler].size=(0.1212121212121212, 0.0258064516129032)
_viz_config[bot.gyro].pos=(0.19696969696969696, 0.4516129032258064)
_viz_config[bot.gyro].size=(0.1212121212121212, 0.025806451612903226)
_viz_config[bot.load].pos=(0.19696969696969696, 0.25806451612903225)
_viz_config[bot.load].size=(0.1212121212121212, 0.025806451612903215)
_viz_config[bot.servo].pos=(0.19696969696969696, 0.35483870967741926)
_viz_config[bot.servo].size=(0.1212121212121212, 0.025806451612903226)
_viz_config[bot.wheel].pos=(0.19696969696969696, 0.7419354838709675)
_viz_config[bot.wheel].size=(0.1212121212121212, 0.0258064516129032)
_viz_config[ctrl_arm].pos=(6.1755391587760355, -14.914518029777353)
_viz_config[ctrl_arm].size=(1.9456643635547155, 1.6732713526570553)
_viz_config[ctrl_base].pos=(0.596643678184214, -14.911798343169538)
_viz_config[ctrl_base].size=(1.9456643635547155, 1.6732713526570553)
_viz_config[model].pos=(15.744543511573376, 18.397145986165977)
_viz_config[model].size=(0.03876120757068877, 0.03876120757068877)
_viz_config[model].expanded=True
_viz_config[model].has_layout=True