_viz_0 = nengo_gui.components.Slider(ctrl_base)
_viz_config[_viz_0].label_visible = True
_viz_config[_viz_0].width = 2.6868949684916315
_viz_config[_viz_0].x = -4.913173198611219
_viz_config[_viz_0].y = -5.865313347371981
_viz_config[_viz_0].max_value = 1
_viz_config[_viz_0].min_value = -1
_viz_config[_viz_0].height = 2.4940506525968336
_viz_1 = nengo_gui.components.Slider(ctrl_arm)
_viz_config[_viz_1].label_visible = True
_viz_config[_viz_1].width = 3.3338162099569915
_viz_config[_viz_1].x = -7.899545202294131
_viz_config[_viz_1].y = 6.9811503412353595
_viz_config[_viz_1].max_value = 5
_viz_config[_viz_1].min_value = 0
_viz_config[_viz_1].height = 3.8733133163357762
_viz_ace_editor = nengo_gui.components.AceEditor()
_viz_net_graph = nengo_gui.components.NetGraph()
_viz_sim_control = nengo_gui.components.SimControl()
_viz_config[_viz_sim_control].kept_time = 4.0
_viz_config[_viz_sim_control].shown_time = 0.5
_viz_config[bot].pos=(4.03769575050743, -1.2010247898656574)
_viz_config[bot].size=(4.623810304103458, 8.105777803984598)
_viz_config[bot].expanded=True
_viz_config[bot].has_layout=True
_viz_config[bot.accel].pos=(0.5, 0.7241379310344827)
_viz_config[bot.accel].size=(0.3076923076923077, 0.02298850574712641)
_viz_config[bot.arm].pos=(0.5, 0.6494252873563218)
_viz_config[bot.arm].size=(0.3076923076923077, 0.02298850574712641)
_viz_config[bot.base].pos=(0.5, 0.27586206896551724)
_viz_config[bot.base].size=(0.3076923076923077, 0.022988505747126436)
_viz_config[bot.bump].pos=(0.5, 0.2011494252873563)
_viz_config[bot.bump].size=(0.3076923076923077, 0.022988505747126436)
_viz_config[bot.compass].pos=(0.5, 0.5)
_viz_config[bot.compass].size=(0.3076923076923077, 0.02298850574712641)
_viz_config[bot.euler].pos=(0.5, 0.3505747126436781)
_viz_config[bot.euler].size=(0.3076923076923077, 0.022988505747126436)
_viz_config[bot.freqs].pos=(0.5, 0.1264367816091954)
_viz_config[bot.freqs].size=(0.3076923076923077, 0.022988505747126436)
_viz_config[bot.gyro].pos=(0.5, 0.9482758620689653)
_viz_config[bot.gyro].size=(0.3076923076923077, 0.02298850574712641)
_viz_config[bot.load].pos=(0.5, 0.5747126436781609)
_viz_config[bot.load].size=(0.3076923076923077, 0.02298850574712641)
_viz_config[bot.nodes[2]].pos=(0.5, 0.8735632183908044)
_viz_config[bot.nodes[2]].size=(0.3076923076923077, 0.02298850574712641)
_viz_config[bot.nodes[3]].pos=(0.5, 0.051724137931034475)
_viz_config[bot.nodes[3]].size=(0.3076923076923077, 0.022988505747126433)
_viz_config[bot.servo].pos=(0.5, 0.4252873563218391)
_viz_config[bot.servo].size=(0.3076923076923077, 0.022988505747126436)
_viz_config[bot.wheel].pos=(0.5, 0.7988505747126435)
_viz_config[bot.wheel].size=(0.3076923076923077, 0.02298850574712641)
_viz_config[ctrl_arm].pos=(-5.057827804475625, 2.7606339293480326)
_viz_config[ctrl_arm].size=(0.4090991355347359, 0.5021356282049911)
_viz_config[ctrl_base].pos=(-5.0235275625360485, -1.6936378725914147)
_viz_config[ctrl_base].size=(1.2242606862900363, 1.0528641902094311)
_viz_config[model].pos=(11.455237051298687, 9.77321327232843)
_viz_config[model].size=(0.04781053585419051, 0.04781053585419051)
_viz_config[model].expanded=True
_viz_config[model].has_layout=True